0.0 0.0
0.12053   0.0
0.120535551373314   0.00266570192281972
0.138218094438646   0.00284627224285286
0.156203902473951   0.00300326161306536
0.17443456025913   0.00313895953934429
0.192865212678605   0.00325553639683941
0.211460991200019   0.00335500063897256
0.230194468426753   0.0034391837744673
0.249043827497651   0.00350974060575521
0.267991531296833   0.00356815752894428
0.287023344073684   0.00361576473966514
0.306127604015518   0.00365374995960865
0.325294676425483   0.00368317233844205
0.344516538286111   0.00370497579978753
0.363786459428314   0.00372000146244827
0.383098755475597   0.00372899898056588
0.402448594653132   0.00373263676882867
0.421831845411215   0.00373151114705295
0.441244955259458   0.00372615447406438
0.460684853677033   0.00371704235696765
0.480148873749782   0.00370460002664894
0.499634688488485   0.00368920796862308
0.519140258742729   0.0036712068931149
0.538663790338353   0.00365090212136733
0.558203698601019   0.00362856745767914
0.577758578832285   0.00360444860921814
0.597327181611918   0.00357876620857882
0.616908392035787   0.00355171848752835
0.636501212180643   0.00352348364448302
0.656104746228473   0.00349422194298613
0.675718187793739   0.00346407757379192
0.695340809083843   0.00343318030905529
0.714971951592073   0.00340164697353028
0.734611018077156   0.00336958275453942
0.754257465627382   0.00333708236973746
0.773910799642649   0.00330423110930877
0.793570568596241   0.00327110576716301
0.813236359461395   0.0032377754738888
0.83290779370658   0.00320430244265477
0.852584523778919   0.00317074263788061
0.872266230007925   0.00313714637531045
0.891952617872268   0.00310355886108334
0.911643415580988   0.00307002067649097
0.931338371927867   0.00303656821432239
0.95103725438373   0.00300323407200527
0.970739847396516   0.00297004740614881
0.990445950873266   0.00293703425256437
1.01015537882175   0.00290421781537564
1.02986795813257   0.00287161872842293
1.04958352748503   0.00283925529180778
1.06930193636245   0.00280714368610899
1.0890230441644   0.00277529816652361
1.10874671940482   0.00274373123894098
1.12847283898663   0.00271245381974214
1.14820128754435   0.00268147538092516
1.16793195684756   0.00265080408198767
1.18766474525855   0.00262044688984787
1.20739955723873   0.00259040968795206
1.22713630289858   0.00256069737559826
1.24687489758686   0.00253131395840058
1.26661526151506   0.00250226263072507
1.28635731941368   0.00247354585084447
1.30610100021723   0.00244516540948469
1.32584623677514   0.00241712249236959
1.3455929655862   0.00238941773731088
1.36534112655429   0.00236205128633692
1.38509066276348   0.00233502283330667
1.4048415202706   0.00230833166741213
1.42459364791395   0.00228197671293429
1.44434699713649   0.00225595656558342
1.46410152182236   0.00223026952572312
1.48385717814552   0.00220491362875034
1.50361392442954   0.00217988667287772
1.52337172101757   0.00215518624454273
1.54313053015153   0.00213080974164714
1.56289031585997   0.00210675439481227
1.58265104385375   0.00208301728681855
1.60241268142888   0.00205959537038323
1.62217519737606   0.00203648548441609
1.64193856189637   0.00201368436888091
1.66170274652252   0.00199118867837907
1.68146772404537   0.00196899499456193
1.70123346844522   0.00194709983746875
1.72099995482762   0.00192549967587932
1.74076715936319   0.00190419093676225
1.76053505923134   0.00188317001389331
1.78030363256748   0.00186243327571188
1.80007285841349   0.00184197707247766
1.81984271667133   0.00182179774278483
1.83961318805932   0.00180189161948591
1.85938425407119   0.00178225503507326
1.8791558969375   0.00176288432656237
1.89892809958935   0.00174377583991711
1.91870084562423   0.00172492593405426
1.93847411927382   0.00170633098446125
1.95824790537367   0.00168798738645843
1.97802218933458   0.00166989155813469
1.99779695711557   0.00165203994298286
2.01757219519844   0.00163442901225917
2.03734789056363   0.00161705526708931
2.05712403066747   0.0015999152403415
2.07690060342064   0.00158300549828574
2.09667759716781   0.0015663226420565
2.11645500066833   0.0015498633089351
2.13623280307798   0.00153362417346657
2.15601099393164   0.0015176019484246
2.17578956312689   0.00150179338563712
2.19556850090842   0.0014861952766843
2.21534779785327   0.00147080445347948
2.23512744485682   0.00145561778874293
2.25490743311943   0.00144063219637768
2.27468775413381   0.00142584463175553
2.29446839967298   0.00141125209192131
2.3142493617788   0.00139685161572222
2.33403063275113   0.00138264028386908
2.35381220513741   0.0013686152189354
2.37359407172285   0.00135477358529991
2.39337622552097   0.00134111258903782
2.41315865976469   0.00132762947776544
2.43294136789776   0.0013143215404426
2.45272434356663   0.00130118610713701
2.47250758061266   0.0012882205487542
2.49229107306475   0.00127542227673649
2.5120748151322   0.00126278874273428
2.53185880119801   0.00125031743825247
2.55164302581235   0.00123800589427478
2.57142748368647   0.00122585168086843
2.59121216968672   0.00121385240677148
2.61099707882896   0.00120200571896497
2.63078220627313   0.00119030930223179
2.65056754731809   0.00117876087870395
2.67035309739668   0.00116735820740017
2.69013885207098   0.00115609908375496
2.70992480702776   0.00114498133914091
2.72971095807415   0.00113400284038511
2.74949730113346   0.00112316148928129
2.7692838322412   0.0011124552220983
2.78907054754123   0.00110188200908627
2.80885744328209   0.00109143985398117
2.82864451581347   0.00108112679350862
2.84843176158285   0.0010709408968877
2.86821917713221   0.00106088026533547
2.88800675909494   0.00105094303157278
2.90779450419281   0.00104112735933196
2.92758240923313   0.00103143144286689
2.94737047110595   0.00102185350646592
2.96715868678139   0.00101239180396811
2.98694705330711   0.00100304461828297
3.00673556780582   0.000993810260914356
3.02652422747294   0.000984687071488557
3.04631302957428   0.000975673417286946
3.06610197144387   0.000966767692783456
3.08589105048185   0.000957968319187061
3.10568026415242   0.000949273743989448
3.12546960998189   0.000940682440518071
3.14525908555677   0.000932192907494695
3.165048688522   0.000923803668599585
3.18483841657912   0.000915513272041412
3.20462826748465   0.000907320290132991
3.2244182390484   0.000899223318872903
3.24420832913195   0.000891220977533065
3.26399853564708   0.000883311908252288
3.28378885655435   0.000875494775635861
3.30357928986164   0.000867768266361165
3.32336983362282   0.000860131088789352
3.34316048593642   0.000852581972583065
3.36295124494437   0.000845119668330203
3.38274210883072   0.000837742947173719
3.40253307582052   0.000830450600447415
3.42232414417863   0.000823241439317717
3.44211531220861   0.000816114294431393
3.46190657825166   0.000809068015569165
3.4816979406856   0.000802101471305187
3.5014893979238   0.000795213548672315
3.52128094841429   0.000788403152833148
3.54107259063878   0.000781669206756749
3.56086432311173   0.000775010650901017
3.58065614437953   0.000768426442900627
3.60044805301959   0.000761915557260483
3.62024004763955   0.000755476985054615
3.64003212687648   0.000749109733630455
3.65982428939609   0.00074281282631841
3.67961653389199   0.000736585302146681
3.69940885908497   0.000730426215561238
3.7192012637223   0.000724334636150878
3.73899374657701   0.000718309648377314
3.75878630644731   0.000712350351310186
3.77857894215587   0.000706455858366945
3.79837165254923   0.000700625297057534
3.8181644364972   0.000694857808733767
3.8379572928923   0.000689152548343363
3.85775022064913   0.000683508684188528
3.87754321870389   0.000677925397689043
3.8973362860138   0.000672401883149747
3.91712942155661   0.000666937347532373
3.93692262433008   0.000661531010231642
3.9567158933515   0.000656182102855546
3.97650922765721   0.000650889869009756
3.99630262630217   0.000645653564086069
4.01609608835947   0.000640472455054834
4.03588961291992   0.000635345820261276
4.05568319909162   0.000630272949225656
4.07547684599957   0.000625253142447191
4.09527055278525   0.000620285711211671
4.11506431860624   0.000615369977402702
4.13485814263585   0.000610505273316502
4.15465202406276   0.000605690941480204
4.17444596209064   0.000600926334473569
4.19423995593782   0.000596210814754081
4.21403400483698   0.000591543754485325
4.23382810803477   0.000586924535368618
4.25362226479153   0.000582352548477804
4.27341647438098   0.000577827194097175
4.2932107360899   0.000573347881562441
4.31300504921785   0.0005689140291047
4.33279941307689   0.00056452506369735
4.3525938269913   0.00056018042090588
4.37238829029727   0.000555879544740494
4.39218280234273   0.000551621887511501
4.41197736248699   0.000547406909687431
4.43177197010056   0.000543234079755811
4.45156662456489   0.000539102874086558
4.47136132527211   0.000535012776797936
4.49115607162484   0.000530963279625021
4.51095086303592   0.000526953881790635
4.53074569892824   0.000522984089878692
4.55054057873449   0.000519053417709915
4.57033550189697   0.000515161386219865
4.59013046786738   0.000511307523339264
4.60992547610662   0.000507491363876527
4.62972052608462   0.000503712449402497
4.64951561728011   0.000499970328137316
4.66931074918049   0.000496264554839402
4.6891059212816   0.000492594690696481
4.70890113308758   0.000488960303218641
4.72869638411071   0.00048536096613337
4.74849167387119   0.000481796259282522
4.76828700189703   0.000478265768521201
4.78808236772389   0.000474769085618495
4.80787777089488   0.00047130580816005
4.82767321096048   0.000467875539452422
4.84746868747832   0.000464477888429201
4.8672642000131   0.000461112469558844
4.88705974813641   0.000457778902754199
4.9068553314266   0.000454476813283687
4.92665094946867   0.000451205831684103
4.94644660185411   0.000447965593675001
4.9662422881808   0.000444755740074651
4.98603800805287   0.000441575916717508
5.00583376108057   0.000438425774373191
5.02562954688017   0.000435304968666923
5.04542536507384   0.000432213160001413
5.06522121528953   0.000429150013480146
5.08501709716089   0.000426115198832064
5.1048130103271   0.000423108390337592
5.12460895443281   0.000420129266756003
5.14440492912806   0.000417177511254082
5.16420093406811   0.000414252811336069
5.18399696891341   0.000411354858774855
5.20379303332944   0.000408483349544408
5.22358912698668   0.000405637983753399
5.24338524956047   0.000402818465580017
5.26318140073096   0.000400024503207933
5.28297758018296   0.000397255808763409
5.30277378760595   0.000394512098253514
5.32257002269388   0.000391793091505432
5.34236628514518   0.000389098512106846
5.36216257466265   0.000386428087347367
5.38195889095338   0.000383781548160994
5.40175523372864   0.000381158629069586
5.42155160270387   0.000378559068127326
5.44134799759856   0.000375982606866145
5.46114441813618   0.000373428990242114
5.48094086404414   0.000370897966582763
5.50073733505369   0.000368389287535313
5.52053383089985   0.000365902708015814
5.54033035132137   0.00036343798615916
5.56012689606065   0.00036099488326997
5.57992346486367   0.000358573163774318
5.59972005747995   0.000356172595172295
5.61951667366246   0.000353792947991386
5.63931331316757   0.000351433995740649
5.65910997575502   0.00034909551486568
5.67890666118782   0.000346777284704346
5.69870336923221   0.00034447908744328
5.71850009965762   0.00034220070807511
5.7382968522366   0.00033994193435642
5.75809362674477   0.000337702556766431
5.77789042296076   0.000335482368466368
5.7976872406662   0.000333281165259529
5.8174840796456   0.000331098745552022
5.83728093968637   0.000328934910314163
5.85707782057873   0.000326789463042527
5.87687472211568   0.000324662209722636
5.89667164409294   0.000322552958792269
5.91646858630895   0.000320461521105392
5.93626554856474   0.000318387709896686
5.95606253066398   0.000316331340746664
5.97585953241288   0.00031429223154738
5.99565655362017   0.000312270202468694
6.01545359409704   0.000310265075925102
6.03525065365715   0.000308276676543119
6.05504773211651   0.000306304831129194
6.07484482929352   0.000304349368638159
6.09464194500889   0.00030241012014219
6.11443907908559   0.000300486918800291
6.13423623134888   0.000298579599828262
6.1540334016262   0.000296688000469171
6.17383058974717   0.000294811959964305
6.19362779554355   0.000292951319524587
6.21342501884923   0.000291105922302471
6.23322225950014   0.000289275613364283
6.25301951733428   0.000287460239663016
6.27281679219164   0.000285659650011563
6.29261408391422   0.000283873695056379
6.31241139234595   0.000282102227251576
6.33220871733267   0.000280345100833426
6.35200605872212   0.00027860217179528
6.37180341636392   0.000276873297862882
6.39160079010949   0.000275158338470089
6.41139817981208   0.000273457154734961
6.4311955853267   0.000271769609436253
6.45099300651013   0.000270095566990264
6.47079044322085   0.000268434893428063
6.49058789531907   0.000266787456373073
6.51038536266664   0.000265153125019008
6.53018284512709   0.00026353177010816
6.54998034256555   0.000261923263910029
6.56977785484876   0.000260327480200288
6.58957538184503   0.000258744294240079
6.60937292342423   0.000257173582755629
6.62917047945776   0.000255615223918193
6.64896804981852   0.000254069097324304
6.6687656343809   0.000252535083976331
6.68856323302076   0.000251013066263341
6.70836084561539   0.000249502927942262
6.72815847204352   0.000248004554119326
6.74795611218526   0.000246517831231811
6.76775376592211   0.000245042647030064
6.78755143313693   0.000243578890559788
6.80734911371394   0.000242126452144619
6.82714680753865   0.00024068522336896
6.8469445144979   0.000239255097061077
6.86674223447981   0.000237835967276462
6.88653996737375   0.00023642772928144
6.90633771307036   0.000235030279537033
6.9261354714615   0.000233643515683066
6.94593324244025   0.000232267336522516
6.96573102590088   0.000230901642006096
6.98552882173886   0.000229546333217074
7.0053266298508   0.000228201312356321
7.02512445013447   0.000226866482727581
7.04492228248877   0.000225541748722972
7.06472012681372   0.000224227015808691
7.08451798301043   0.000222922190510943
7.10431585098111   0.000221627180402078
7.12411373062904   0.000220341894086937
7.14391162185854   0.000219066241189392
7.16370952457499   0.000217800132339103
7.1835074386848   0.000216543479158454
7.20330536409537   0.000215296194249696
7.22310330071512   0.00021405819118227
7.24290124845347   0.000212829384480327
7.26269920722077   0.000211609689610425
7.28249717692838   0.000210399022969407
7.30229515748857   0.000209197301872463
7.32209314881457   0.000208004444541359
7.34189115082053   0.000206820370092846
7.36168916342148   0.000205644998527233
7.38148718653339   0.000204478250717127
7.40128522007309   0.00020332004839634
7.4210832639583   0.000202170314148956
7.4408813181076   0.000201028971398551
7.46067938244041   0.000199895944397582
7.480477456877   0.000198771158216914
7.50027554133847   0.000197654538735507
7.52007363574675   0.000196546012630254
7.53987174002456   0.000195445507365954
7.55966985409543   0.00019435295118544
7.57946797788367   0.000193268273099846
7.59926611131438   0.000192191402879004
7.61906425431341   0.000191122271041993
7.63886240680739   0.00019006080884781
7.65866056872367   0.000189006948286179
7.67845873999038   0.000187960622068493
7.69825692053633   0.000186921763618876
7.71805511029109   0.000185890307065383
7.73785330918493   0.000184866187231313
7.75765151714881   0.000183849339626651
7.77744973411439   0.00018283970043963
7.79724796001403   0.000181837206528407
7.81704619478074   0.000180841795412863
7.83684443834823   0.000179853405266512
7.85664269065083   0.000178871974908523
7.87644095162355   0.000177897443795858
7.89623922120203   0.000176929752015514
7.91603749932257   0.000175968840276879
7.93583578592205   0.000175014649904184
7.95563408093802   0.000174067122829073
7.97543238430862   0.000173126201583264
7.99523069597257   0.000172191829291317
8.01502901586924   0.000171263949663501
8.03482734393855   0.000170342506988757
8.05462568012101   0.000169427446127764
8.07442402435773   0.000168518712506088
8.09422237659035   0.000167616252107439
8.11402073676109   0.000166720011467008
8.13381910481275   0.000165829937664902
8.15361748068863   0.000164945978319668
8.17341586433262   0.0001640680815819
8.19321425568911   0.000163196196127937
8.21301265470304   0.000162330271153649
8.23281106131986   0.000161470256368297
8.25260947548554   0.000160616101988489
8.27240789714658   0.000159767758732205
8.29220632624995   0.000158925177812912
8.31200476274314   0.00015808831093375
8.33180320657413   0.000157257110281806
8.35160165769139   0.000156431528522453
8.37140011604387   0.000155611518793774
8.39119858158099   0.000154797034701052
8.41099705425265   0.000153988030311346
8.4307955340092   0.000153184460148121
8.45059402080146   0.000152386279185969
8.47039251458071   0.000151593442845383
8.49019101529866   0.000150805906987611
8.50998952290748   0.000150023627909573
8.52978803735978   0.000149246562338848
8.54958655860859   0.000148474667428725
8.56938508660738   0.000147707900753315
8.58918362131004   0.000146946220302738
8.60898216267088   0.000146189584478363
8.62878071064462   0.000145437952088113
8.64857926518639   0.000144691282341834
8.66837782625174   0.000143949534846721
8.68817639379659   0.000143212669602805
8.70797496777729   0.000142480646998499
8.72777354815056   0.0001417534278062
8.74757213487351   0.000141030973177949
8.76737072790364   0.000140313244641149
8.78716932719882   0.000139600204094336
8.8069679327173   0.000138891813803001
8.82676654441771   0.000138188036395476
8.84656516225901   0.00013748883485886
8.86636378620056   0.000136794172535009
8.88616241620207   0.000136104013116568
8.90596105222359   0.00013541832064306
8.92575969422553   0.000134737059497021
8.94555834216865   0.000134060194400187
8.96535699601404   0.000133387690409727
8.98515565572314   0.000132719512914525
9.00495432125773   0.00013205562763151
9.02475299257991   0.000131396000602033
9.0445516696521   0.000130740598188284
9.06435035243707   0.000130089387069761
9.08414904089789   0.000129442334239784
9.10394773499795   0.000128799407002044
9.12374643470097   0.000128160572967205
9.14354513997096   0.000127525800049543
9.16334385077225   0.00012689505646363
9.18314256706948   0.000126268310721057
9.20294128882756   0.0001256455316272
9.22274001601174   0.000125026688278024
9.24253874858753   0.000124411750056931
9.26233748652075   0.000123800686631639
9.28213622977751   0.000123193467951111
9.30193497832419   0.000122590064242511
9.32173373212747   0.000121990446008204
9.3415324911543   0.000121394584022793
9.36133125537189   0.000120802449330189
9.38113002474777   0.000120214013240718
9.40092879924968   0.000119629247328269
9.42072757884569   0.000119048123427468
9.44052636350408   0.000118470613630893
9.46032515319343   0.00011789669028632
9.48012394788256   0.000117326325994004
9.49992274754056   0.000116759493603996
9.51972155213677   0.000116196166213483
9.53952036164077   0.000115636317164172
9.5593191760224   0.000115079920039699
9.57911799525175   0.00011452694866307
9.59891681929916   0.000113977377094135
9.61871564813518   0.00011343117962709
9.63851448173064   0.000112888330788011
9.65831332005657   0.000112348805332417
9.67811216308427   0.000111812578242864
9.69791101078524   0.000111279624726561
9.71770986313122   0.000110749920213026
9.7375087200942   0.00011022344035176
9.75730758164635   0.000109700161009954
9.77710644776011   0.000109180058270221
9.79690531840811   0.000108663108428355
9.81670419356321   0.000108149287991122
9.83650307319848   0.000107638573674065
9.85630195728721   0.000107130942399351
9.8761008458029   0.000106626371293629
9.89589973871926   0.000106124837685924
9.9156986360102   0.000105626319105548
9.93549753764985   0.00010513079328004
9.95529644361254   0.000104638238133131
9.97509535387279   0.000104148631782728
9.99489426840534   0.000103661952538928
10.0146931871851   0.000103178178902049
10.0344921101872   0.000102697289560689
10.0542910373869   0.000102219263389806
10.0740899687599   0.000101744079448818
10.0938889042816   0.000101271716979728
10.1136878439282   0.000100802155405273
10.1334867876755   0.000100335374327087
10.1532857354999   9.98713535238917e-05
10.1730846873778   9.94100729497061e-05
10.1928836432859   9.89515127320778e-05
10.2126826032009   9.84956531703324e-05
10.2324815670998   9.80424747338451e-05
10.2522805349598   9.75919580603317e-05
10.2720795067582   9.71440839541585e-05
10.2918784824725   9.66988333846729e-05
10.3116774620804   9.62561874845517e-05
10.3314764455597   9.58161275481695e-05
10.3512754328884   9.53786350299852e-05
10.3710744240447   9.49436915429463e-05
10.3908734190069   9.45112788569127e-05
10.4106724177536   9.40813788970973e-05
10.4304714202634   9.36539737425249e-05
10.4502704265152   9.32290456245084e-05
10.4700694364879   9.28065769251419e-05
10.4898684501606   9.23865501758118e-05
10.5096674675127   9.19689480557233e-05
10.5294664885236   9.15537533904451e-05
10.5492655131729   9.11409491504692e-05
10.5690645414403   9.07305184497871e-05
10.5888635733059   9.03224445444832e-05
10.6086626087496   8.9916710831342e-05
10.6284616477516   8.95133008464724e-05
10.6482606902922   8.91121982639468e-05
10.6680597363521   8.87133868944556e-05
10.6878587859117   8.83168506839763e-05
10.7076578389519   8.79225737124576e-05
10.7274568954536   8.75305401925193e-05
10.7472559553978   8.71407344681633e-05
10.7670550187658   8.67531410135035e-05
10.7868540855389   8.63677444315058e-05
10.8066531556984   8.59845294527444e-05
10.8264522292262   8.56034809341705e-05
10.8462513061037   8.52245838578956e-05
10.8660503863131   8.48478233299872e-05
10.8858494698361   8.44731845792783e-05
10.905648556655   8.41006529561902e-05
10.925447646752   8.37302139315677e-05
10.9452467401095   8.33618530955271e-05
10.96504583671   8.2995556156317e-05
10.9848449365361   8.26313089391914e-05
11.0046440395706   8.22690973852953e-05
11.0244431457963   8.19089075505621e-05
11.0442422551963   8.15507256046231e-05
11.0640413677537   8.1194537829729e-05
11.0838404834517   8.08403306196831e-05
11.1036396022737   8.04880904787853e-05
11.1234387242031   8.01378040207889e-05
11.1432378492235   7.97894579678675e-05
11.1630369773188   7.94430391495931e-05
11.1828361084726   7.90985345019262e-05
11.2026352426689   7.87559310662156e-05
11.2224343798917   7.84152159882096e-05
11.2422335201253   7.80763765170775e-05
11.2620326633538   7.77394000044416e-05
11.2818318095617   7.740427390342e-05
11.3016309587335   7.70709857676786e-05
11.3214301108536   7.67395232504949e-05
11.341229265907   7.64098741038295e-05
11.3610284238782   7.60820261774095e-05
11.3808275847524   7.57559674178208e-05
11.4006267485144   7.54316858676095e-05
11.4204259151494   7.51091696643942e-05
11.4402250846426   7.47884070399861e-05
11.4600242569793   7.44693863195193e-05
11.479823432145   7.41520959205909e-05
11.4996226101251   7.38365243524084e-05
11.5194217909054   7.35226602149473e-05
11.5392209744715   7.32104921981176e-05
11.5590201608091   7.29000090809389e-05
11.5788193499044   7.25911997307231e-05
11.5986185417431   7.22840531022675e-05
11.6184177363115   7.1978558237055e-05
11.6382169335958   7.16747042624629e-05
11.6580161335822   7.13724803909802e-05
11.677815336257   7.10718759194331e-05
11.6976145416069   7.07728802282179e-05
11.7174137496182   7.04754827805427e-05
11.7372129602778   7.01796731216766e-05
11.7570121735723   6.98854408782065e-05
11.7768113894885   6.95927757573016e-05
11.7966106080135   6.93016675459861e-05
11.816409829134   6.90121061104186e-05
11.8362090528374   6.87240813951794e-05
11.8560082791107   6.84375834225647e-05
11.8758075079412   6.81526022918889e-05
11.8956067393162   6.7869128178793e-05
11.9154059732232   6.7587151334561e-05
11.9352052096497   6.73066620854423e-05
11.9550044485832   6.70276508319822e-05
11.9748036900115   6.67501080483586e-05
11.9946029339223   6.6474024281725e-05
12.0144021803034   6.6199390151561e-05
12.0342014291428   6.59261963490296e-05
12.0540006804284   6.56544336363394e-05
12.0737999341483   6.53840928461154e-05
12.0935991902907   6.51151648807746e-05
12.1133984488437   6.48476407119089e-05
12.1331977097957   6.45815113796733e-05
12.1529969731351   6.4316767992181e-05
12.1727962388502   6.40534017249047e-05
12.1925955069298   6.37914038200831e-05
12.2123947773622   6.35307655861343e-05
12.2321940501362   6.32714783970742e-05
12.2519933252406   6.30135336919415e-05
12.2717926026642   6.27569229742283e-05
12.2915918823958   6.25016378113156e-05
12.3113911644244   6.22476698339158e-05
12.331190448739   6.19950107355195e-05
12.3509897353288   6.17436522718487e-05
12.3707890241829   6.1493586260315e-05
12.3905883152906   6.12448045794829e-05
12.4103876086411   6.09972991685394e-05
12.4301869042238   6.07510620267678e-05
12.4499862020282   6.05060852130274e-05
12.4697855020438   6.02623608452379e-05
12.4895848042601   6.00198810998692e-05
12.5093841086668   5.97786382114364e-05
12.5291834152535   5.95386244719988e-05
12.5489827240101   5.92998322306653e-05
12.5687820349264   5.90622538931034e-05
12.5885813479923   5.88258819210537e-05
12.6083806631977   5.8590708831849e-05
12.6281799805327   5.83567271979378e-05
12.6479792999873   5.81239296464132e-05
12.6677786215517   5.78923088585453e-05
12.6875779452161   5.76618575693196e-05
12.7073772709707   5.74325685669782e-05
12.7271765988059   5.7204434692567e-05
12.746975928712   5.69774488394865e-05
12.7667752606796   5.6751603953047e-05
12.786574594699   5.65268930300282e-05
12.8063739307609   5.63033091182432e-05
12.8261732688559   5.60808453161067e-05
12.8459726089747   5.58594947722068e-05
12.865771951108   5.56392506848821e-05
12.8855712952465   5.54201063018016e-05
12.9053706413812   5.52020549195496e-05
12.9251699895029   5.49850898832138e-05
12.9449693396026   5.47692045859781e-05
12.9647686916712   5.4554392468719e-05
12.9845680457   5.43406470196055e-05
13.0043674016799   5.41279617737035e-05
13.0241667596022   5.39163303125834e-05
13.0439661194581   5.37057462639317e-05
13.0637654812388   5.34962033011665e-05
13.0835648449357   5.32876951430563e-05
13.1033642105402   5.30802155533424e-05
13.1231635780437   5.28737583403652e-05
13.1429629474377   5.2668317356694e-05
13.1627623187137   5.24638864987603e-05
13.1825616918634   5.22604597064937e-05
13.2023610668783   5.20580309629632e-05
13.2221604437501   5.18565942940197e-05
13.2419598224706   5.16561437679433e-05
13.2617592030316   5.14566734950935e-05
13.2815585854249   5.12581776275627e-05
13.3013579696424   5.10606503588326e-05
13.321157355676   5.08640859234347e-05
13.3409567435177   5.06684785966128e-05
13.3607561331595   5.047382269399e-05
13.3805555245935   5.02801125712376e-05
13.4003549178118   5.00873426237477e-05
13.4201543128065   4.98955072863088e-05
13.43995370957   4.97046010327846e-05
13.4597531080943   4.95146183757952e-05
13.4795525083719   4.93255538664019e-05
13.4993519103951   4.91374020937944e-05
13.5191513141563   4.89501576849816e-05
13.5389507196478   4.87638153044842e-05
13.5587501268623   4.85783696540315e-05
13.5785495357921   4.83938154722596e-05
13.59834894643   4.82101475344135e-05
13.6181483587684   4.80273606520512e-05
13.6379477728   4.78454496727511e-05
13.6577471885175   4.76644094798218e-05
13.6775466059137   4.74842349920141e-05
13.6973460249814   4.7304921163237e-05
13.7171454457132   4.71264629822745e-05
13.7369448681022   4.69488554725067e-05
13.7567442921412   4.67720936916321e-05
13.7765437178232   4.65961727313933e-05
13.796343145141   4.64210877173051e-05
13.8161425740879   4.62468338083845e-05
13.8359420046567   4.60734061968834e-05
13.8557414368406   4.59008001080248e-05
13.8755408706328   4.57290107997394e-05
13.8953403060264   4.55580335624063e-05
13.9151397430146   4.53878637185953e-05
13.9349391815908   4.52184966228116e-05
13.9547386217481   4.50499276612427e-05
13.9745380634799   4.48821522515081e-05
13.9943375067796   4.47151658424107e-05
14.0141369516406   4.45489639136904e-05
14.0339363980563   4.43835419757808e-05
14.0537358460202   4.42188955695668e-05
14.0735352955259   4.40550202661453e-05
14.0933347465668   4.38919116665877e-05
14.1131341991366   4.3729565401705e-05
14.1329336532288   4.35679771318137e-05
14.1527331088372   4.34071425465057e-05
14.1725325659554   4.32470573644186e-05
14.1923320245771   4.30877173330089e-05
14.2121314846962   4.2929118228327e-05
14.2319309463064   4.27712558547943e-05
14.2517304094015   4.2614126044982e-05
14.2715298739755   4.24577246593924e-05
14.2913293400222   4.23020475862414e-05
14.3111288075355   4.21470907412436e-05
14.3309282765094   4.1992850067399e-05
14.3507277469379   4.18393215347816e-05
14.370527218815   4.16865011403298e-05
14.3903266921349   4.1534384907639e-05
14.4101261668916   4.13829688867554e-05
14.4299256430791   4.12322491539722e-05
14.4497251206918   4.10822218116273e-05
14.4695245997238   4.09328829879031e-05
14.4893240801692   4.07842288366273e-05
14.5091235620224   4.06362555370765e-05
14.5289230452777   4.04889592937803e-05
14.5487225299293   4.03423363363287e-05
14.5685220159716   4.01963829191794e-05
14.588321503399   4.00510953214681e-05
14.608120992206   3.99064698468199e-05
14.6279204823868   3.97625028231625e-05
14.6477199739361   3.96191906025407e-05
14.6675194668482   3.94765295609331e-05
14.6873189611178   3.93345160980701e-05
14.7071184567394   3.91931466372531e-05
14.7269179537075   3.90524176251757e-05
14.7467174520168   3.89123255317467e-05
14.766516951662   3.87728668499139e-05
14.7863164526377   3.863403809549e-05
14.8061159549385   3.84958358069797e-05
14.8259154585593   3.83582565454086e-05
14.8457149634948   3.8221296894153e-05
14.8655144697398   3.80849534587719e-05
14.885313977289   3.79492228668399e-05
14.9051134861373   3.78141017677816e-05
14.9249129962797   3.7679586832708e-05
14.9447125077109   3.7545674754253e-05
14.9645120204259   3.7412362246413e-05
14.9843115344197   3.72796460443864e-05
15.0041110496872   3.71475229044154e-05
15.0239105662234   3.70159896036283e-05
15.0437100840233   3.68850429398845e-05
15.0635096030821   3.67546797316192e-05
15.0833091233947   3.66248968176905e-05
15.1031086449563   3.64956910572275e-05
15.122908167762   3.63670593294794e-05
15.142707691807   3.62389985336668e-05
15.1625072170864   3.61115055888328e-05
15.1823067435954   3.59845774336968e-05
15.2021062713293   3.58582110265084e-05
15.2219058002833   3.57324033449035e-05
15.2417053304528   3.56071513857608e-05
15.2615048618329   3.54824521650599e-05
15.2813043944191   3.53583027177408e-05
15.3011039282066   3.52347000975639e-05
15.3209034631909   3.5111641376972e-05
15.3407029993674   3.49891236469528e-05
15.3605025367314   3.4867144016903e-05
15.3803020752784   3.47456996144929e-05
15.400101615004   3.46247875855332e-05
15.4199011559035   3.45044050938418e-05
15.4397006979725   3.43845493211125e-05
15.4595002412065   3.42652174667842e-05
15.4792997856011   3.41464067479116e-05
15.4990993311519   3.4028114399037e-05
15.5188988778544   3.39103376720628e-05
15.5386984257044   3.37930738361252e-05
15.5584979746974   3.36763201774694e-05
15.5782975248292   3.35600739993249e-05
15.5980970760953   3.34443326217829e-05
15.6178966284916   3.33290933816738e-05
15.6376961820137   3.32143536324465e-05
15.6574957366575   3.31001107440476e-05
15.6772952924187   3.29863621028032e-05
15.6970948492931   3.28731051113001e-05
15.7168944072765   3.27603371882687e-05
15.7366939663647   3.26480557684671e-05
15.7564935265537   3.25362583025657e-05
15.7762930878393   3.24249422570327e-05
15.7960926502174   3.2314105114021e-05
15.815892213684   3.22037443712556e-05
15.8356917782349   3.20938575419222e-05
15.8554913438662   3.19844421545564e-05
15.8752909105738   3.1875495752934e-05
15.8950904783538   3.17670158959625e-05
15.9148900472021   3.16590001575728e-05
15.9346896171148   3.15514461266121e-05
15.954489188088   3.14443514067381e-05
15.9742887601178   3.13377136163133e-05
15.9940883332002   3.12315303883005e-05
16.0138879073313   3.11257993701597e-05
16.0336874825074   3.10205182237446e-05
16.0534870587246   3.09156846252009e-05
16.073286635979   3.08112962648655e-05
16.0930862142668   3.07073508471655e-05
16.1128857935843   3.06038460905195e-05
16.1326853739277   3.05007797272379e-05
16.1524849552933   3.03981495034259e-05
16.1722845376773   3.02959531788858e-05
16.1920841210759   3.01941885270209e-05
16.2118837054856   3.00928533347395e-05
16.2316832909027   2.99919454023607e-05
16.2514828773234   2.989146254352e-05
16.2712824647441   2.97914025850756e-05
16.2910820531613   2.96917633670167e-05
16.3108816425713   2.95925427423709e-05
16.3306812329705   2.94937385771134e-05
16.3504808243553   2.93953487500765e-05
16.3702804167222   2.92973711528604e-05
16.3900800100678   2.91998036897434e-05
16.4098796043883   2.91026442775945e-05
16.4296791996804   2.90058908457853e-05
16.4494787959405   2.89095413361034e-05
16.4692783931653   2.88135937026662e-05
16.4890779913511   2.87180459118353e-05
16.5088775904947   2.86228959421319e-05
16.5286771905925   2.85281417841524e-05
16.5484767916412   2.84337814404853e-05
16.5682763936374   2.83398129256277e-05
16.5880759965777   2.82462342659041e-05
16.6078756004588   2.81530434993839e-05
16.6276752052773   2.80602386758012e-05
16.6474748110299   2.79678178564743e-05
16.6672744177132   2.78757791142259e-05
16.6870740253241   2.77841205333045e-05
16.7068736338592   2.76928402093056e-05
16.7266732433152   2.76019362490944e-05
16.746472853689   2.75114067707281e-05
16.7662724649772   2.74212499033797e-05
16.7860720771767   2.73314637872619e-05
16.8058716902843   2.72420465735518e-05
16.8256713042967   2.7152996424316e-05
16.8454709192108   2.70643115124366e-05
16.8652705350235   2.69759900215373e-05
16.8850701517317   2.68880301459105e-05
16.904869769332   2.68004300904447e-05
16.9246693878216   2.67131880705527e-05
16.9444690071972   2.66263023121001e-05
16.9642686274559   2.65397710513346e-05
16.9840682485944   2.64535925348156e-05
17.0038678706098   2.63677650193443e-05
17.0236674934991   2.62822867718949e-05
17.0434671172591   2.61971560695457e-05
17.0632667418869   2.61123711994107e-05
17.0830663673795   2.60279304585725e-05
17.102865993734   2.59438321540149e-05
17.1226656209472   2.58600746025562e-05
17.1424652490163   2.57766561307834e-05
17.1622648779384   2.56935750749864e-05
17.1820645077104   2.56108297810929e-05
17.2018641383296   2.55284186046043e-05
17.2216637697929   2.54463399105307e-05
17.2414634020975   2.53645920733283e-05
17.2612630352405   2.52831734768355e-05
17.281062669219   2.52020825142109e-05
17.3008623040303   2.51213175878706e-05
17.3206619396714   2.50408771094267e-05
17.3404615761395   2.49607594996264e-05
17.3602612134319   2.48809631882907e-05
17.3800608515456   2.48014866142544e-05
17.399860490478   2.47223282253065e-05
17.4196601302263   2.46434864781302e-05
17.4394597707876   2.45649598382444e-05
17.4592594121594   2.44867467799453e-05
17.4790590543387   2.44088457862479e-05
17.4988586973228   2.43312553488288e-05
17.5186583411092   2.42539739679687e-05
17.538457985695   2.41770001524958e-05
17.5582576310776   2.41003324197297e-05
17.5780572772544   2.4023969295425e-05
17.5978569242225   2.39479093137162e-05
17.6176565719795   2.38721510170623e-05
17.6374562205225   2.37966929561925e-05
17.6572558698492   2.37215336900517e-05
17.6770555199567   2.36466717857469e-05
17.6968551708425   2.35721058184932e-05
17.716654822504   2.34978343715614e-05
17.7364544749386   2.34238560362252e-05
17.7562541281438   2.33501694117084e-05
17.7760537821169   2.32767731051337e-05
17.7958534368555   2.32036657314709e-05
17.8156530923571   2.3130845913486e-05
17.8354527486189   2.30583122816898e-05
17.8552524056387   2.29860634742887e-05
17.8750520634138   2.29140981371335e-05
17.8948517219418   2.28424149236707e-05
17.9146513812201   2.27710124948929e-05
17.9344510412464   2.26998895192896e-05
17.9542507020181   2.26290446727994e-05
17.9740503635329   2.25584766387612e-05
17.9938500257882   2.24881841078667e-05
18.0136496887816   2.24181657781128e-05
18.0334493525108   2.23484203547546e-05
18.0532490169733   2.22789465502586e-05
18.0730486821667   2.22097430842563e-05
18.0928483480886   2.21408086834978e-05
18.1126480147367   2.20721420818066e-05
18.1324476821086   2.20037420200339e-05
18.1522473502019   2.19356072460134e-05
18.1720470190143   2.18677365145168e-05
18.1918466885435   2.18001285872091e-05
18.2116463587871   2.17327822326048e-05
18.2314460297428   2.16656962260239e-05
18.2512457014084   2.15988693495485e-05
18.2710453737815   2.15323003919797e-05
18.2908450468598   2.14659881487946e-05
18.3106447206411   2.13999314221041e-05
18.330444395123   2.13341290206102e-05
18.3502440703035   2.12685797595646e-05
18.3700437461801   2.12032824607267e-05
18.3898434227507   2.11382359523226e-05
18.409643100013   2.10734390690039e-05
18.4294427779648   2.10088906518068e-05
18.449242456604   2.09445895481123e-05
18.4690421359282   2.08805346116053e-05
18.4888418159354   2.08167247022354e-05
18.5086414966233   2.07531586861769e-05
18.5284411779898   2.06898354357899e-05
18.5482408600328   2.06267538295808e-05
18.56804054275   2.05639127521643e-05
18.5878402261393   2.05013110942244e-05
18.6076399101986   2.04389477524762e-05
18.6274395949257   2.03768216296286e-05
18.6472392803186   2.03149316343461e-05
18.6670389663752   2.02532766812117e-05
18.6868386530933   2.01918556906898e-05
18.7066383404708   2.01306675890895e-05
18.7264380285057   2.00697113085277e-05
18.746237717196   2.00089857868931e-05
18.7660374065394   1.99484899678102e-05
18.7858370965341   1.98882228006033e-05
18.8056367871779   1.98281832402612e-05
18.8254364784688   1.97683702474015e-05
18.8452361704048   1.97087827882363e-05
18.8650358629838   1.96494198345368e-05
18.8848355562039   1.95902803635989e-05
18.904635250063   1.9531363358209e-05
18.9244349445592   1.94726678066102e-05
18.9442346396904   1.94141927024678e-05
18.9640343354548   1.93559370448365e-05
18.9838340318502   1.92978998381266e-05
19.0036337288748   1.9240080092071e-05
19.0234334265266   1.91824768216925e-05
19.0432331248036   1.91250890472709e-05
19.063032823704   1.90679157943107e-05
19.0828325232257   1.90109560935091e-05
19.1026322233669   1.89542089807238e-05
19.1224319241257   1.88976734969414e-05
19.1422316255001   1.88413486882457e-05
19.1620313274882   1.87852336057867e-05
19.1818310300882   1.87293273057495e-05
19.2016307332982   1.86736288493231e-05
19.2214304371163   1.86181373026702e-05
19.2412301415406   1.85628517368965e-05
19.2610298465692   1.85077712280204e-05
19.2808295522004   1.84528948569435e-05
19.3006292584323   1.83982217094202e-05
19.320428965263   1.83437508760285e-05
19.3402286726908   1.82894814521403e-05
19.3600283807137   1.82354125378927e-05
19.37982808933   1.81815432381584e-05
19.3996277985379   1.81278726625176e-05
19.4194275083355   1.80743999252287e-05
19.4392272187211   1.80211241452005e-05
19.4590269296929   1.79680444459639e-05
19.4788266412491   1.79151599556435e-05
19.498626353388   1.78624698069303e-05
19.5184260661077   1.78099731370538e-05
19.5382257794066   1.77576690877549e-05
19.5580254932828   1.77055568052581e-05
19.5778252077347   1.76536354402451e-05
19.5976249227604   1.76019041478273e-05
19.6174246383584   1.75503620875199e-05
19.6372243545267   1.74990084232145e-05
19.6570240712638   1.74478423231536e-05
19.676823788568   1.73968629599041e-05
19.6966235064374   1.7346069510331e-05
19.7164232248705   1.72954611555725e-05
19.7362229438655   1.72450370810136e-05
19.7560226634208   1.71947964762609e-05
19.7758223835346   1.71447385351177e-05
19.7956221042054   1.70948624555583e-05
19.8154218254315   1.70451674397036e-05
19.8352215472111   1.69956526937962e-05
19.8550212695427   1.69463174281756e-05
19.8748209924247   1.68971608572542e-05
19.8946207158553   1.68481821994928e-05
